#Layer_Color=16740166
#
#Feature symbol names
#
$0 r3.937
$1 r7.874

#
#Feature attribute names
#

#
#Layer features
#
L 0.4632283 1.6088189 0.4632283 1.7111811 1 P 0
L 0.4632283 1.6088189 0.6167717 1.6088189 1 P 0
L 0.4632283 1.7111811 0.6167717 1.7111811 1 P 0
L 0.5265355 1.4212992 0.5265355 1.4587007 0 P 0
L 0.5265355 1.4212992 0.5934646 1.4212992 0 P 0
L 0.5265355 1.4587007 0.5934646 1.4587007 0 P 0
L 0.5934646 1.4212992 0.5934646 1.4587007 0 P 0
L 0.6167717 1.6088189 0.6167717 1.7111811 1 P 0
L 0.8265354 0.3212993 0.8265354 0.3587008 0 P 0
L 0.8265354 0.3212993 0.8934645 0.3212993 0 P 0
L 0.8265354 0.3587008 0.8934645 0.3587008 0 P 0
L 0.8390249 1.0354272 0.8390249 1.1023563 0 P 0
L 0.8390249 1.0354272 0.8764265 1.0354272 0 P 0
L 0.8390249 1.1023563 0.8764265 1.1023563 0 P 0
L 0.8764265 1.0354272 0.8764265 1.1023563 0 P 0
L 0.8934645 0.3212993 0.8934645 0.3587008 0 P 0
L 0.9280709 1.8095671 0.9280709 1.8804332 0 P 0
L 0.9280709 1.8095671 1.0619292 1.8095671 0 P 0
L 0.9280709 1.8804332 1.0619292 1.8804332 0 P 0
L 1.0619292 1.8095671 1.0619292 1.8804332 0 P 0
L 1.1215512 1.6772992 1.1215512 1.7147007 0 P 0
L 1.1215512 1.6772992 1.1904489 1.6772992 0 P 0
L 1.1215512 1.7147007 1.1904489 1.7147007 0 P 0
L 1.1904489 1.6772992 1.1904489 1.7147007 0 P 0
L 1.2412993 1.8065355 1.2412993 1.8734646 0 P 0
L 1.2412993 1.8065355 1.2787008 1.8065355 0 P 0
L 1.2412993 1.8734646 1.2787008 1.8734646 0 P 0
L 1.2787008 1.8065355 1.2787008 1.8734646 0 P 0
L 1.2890248 0.2204272 1.2890248 0.2873563 0 P 0
L 1.2890248 0.2204272 1.3264263 0.2204272 0 P 0
L 1.2890248 0.2873563 1.3264263 0.2873563 0 P 0
L 1.3264263 0.2204272 1.3264263 0.2873563 0 P 0
L 1.3412992 1.8065354 1.3412992 1.8734645 0 P 0
L 1.3412992 1.8065354 1.3787007 1.8065354 0 P 0
L 1.3412992 1.8734645 1.3787007 1.8734645 0 P 0
L 1.3412993 1.6665355 1.3412993 1.7334646 0 P 0
L 1.3412993 1.6665355 1.3787008 1.6665355 0 P 0
L 1.3412993 1.7334646 1.3787008 1.7334646 0 P 0
L 1.3787007 1.8065354 1.3787007 1.8734645 0 P 0
L 1.3787008 1.6665355 1.3787008 1.7334646 0 P 0
L 1.4012992 1.6665354 1.4012992 1.7334645 0 P 0
L 1.4012992 1.6665354 1.4387007 1.6665354 0 P 0
L 1.4012992 1.7334645 1.4387007 1.7334645 0 P 0
L 1.4012992 1.8055511 1.4012992 1.8744488 0 P 0
L 1.4012992 1.8055511 1.4387007 1.8055511 0 P 0
L 1.4012992 1.8744488 1.4387007 1.8744488 0 P 0
L 1.4045668 1.3930709 1.4045668 1.5269292 0 P 0
L 1.4045668 1.3930709 1.4754329 1.3930709 0 P 0
L 1.4045668 1.5269292 1.4754329 1.5269292 0 P 0
L 1.4387007 1.6665354 1.4387007 1.7334645 0 P 0
L 1.4387007 1.8055511 1.4387007 1.8744488 0 P 0
L 1.4754329 1.3930709 1.4754329 1.5269292 0 P 0
L 1.5045668 1.3930709 1.5045668 1.5269292 0 P 0
L 1.5045668 1.3930709 1.5754329 1.3930709 0 P 0
L 1.5045668 1.5269292 1.5754329 1.5269292 0 P 0
L 1.514261 1.2301909 1.514261 1.2675925 0 P 0
L 1.514261 1.2301909 1.5811901 1.2301909 0 P 0
L 1.514261 1.2675925 1.5811901 1.2675925 0 P 0
L 1.5754329 1.3930709 1.5754329 1.5269292 0 P 0
L 1.5811901 1.2301909 1.5811901 1.2675925 0 P 0
L 1.789261 1.105191 1.789261 1.1425925 0 P 0
L 1.789261 1.105191 1.8561901 1.105191 0 P 0
L 1.789261 1.1425925 1.8561901 1.1425925 0 P 0
L 1.794261 0.615191 1.794261 0.6525925 0 P 0
L 1.794261 0.615191 1.8611901 0.615191 0 P 0
L 1.794261 0.6525925 1.8611901 0.6525925 0 P 0
L 1.8561901 1.105191 1.8561901 1.1425925 0 P 0
L 1.8611901 0.615191 1.8611901 0.6525925 0 P 0
L 1.8850709 1.4928503 1.8850709 1.5991495 0 P 0
L 1.8850709 1.4928503 2.0189291 1.4928503 0 P 0
L 1.8850709 1.5991495 2.0189291 1.5991495 0 P 0
L 2.0189291 1.4928503 2.0189291 1.5991495 0 P 0
L 2.0762993 1.4915354 2.0762993 1.5584645 0 P 0
L 2.0762993 1.4915354 2.1137008 1.4915354 0 P 0
L 2.0762993 1.5584645 2.1137008 1.5584645 0 P 0
L 2.1137008 1.4915354 2.1137008 1.5584645 0 P 0
L 2.1568503 1.6780709 2.1568503 1.8119291 0 P 0
L 2.1568503 1.6780709 2.2631495 1.6780709 0 P 0
L 2.1568503 1.8119291 2.2631495 1.8119291 0 P 0
L 2.1635007 1.5892488 2.1635007 1.6207448 0 P 0
L 2.1635007 1.5892488 2.2264929 1.5892488 0 P 0
L 2.1635039 1.620748 2.2264961 1.620748 0 P 0
L 2.2264961 1.589252 2.2264961 1.620748 0 P 0
L 2.2631495 1.6780709 2.2631495 1.8119291 0 P 0
L 2.2902992 1.0885354 2.2902992 1.1554645 0 P 0
L 2.2902992 1.0885354 2.3277007 1.0885354 0 P 0
L 2.2902992 1.1554645 2.3277007 1.1554645 0 P 0
L 2.2912992 0.7435354 2.2912992 0.8104645 0 P 0
L 2.2912992 0.7435354 2.3287007 0.7435354 0 P 0
L 2.2912992 0.8104645 2.3287007 0.8104645 0 P 0
L 2.3212992 0.3865355 2.3212992 0.4534646 0 P 0
L 2.3212992 0.3865355 2.3587007 0.3865355 0 P 0
L 2.3212992 0.4534646 2.3587007 0.4534646 0 P 0
L 2.3242488 0.2285071 2.3242488 0.2914993 0 P 0
L 2.3242488 0.2914993 2.3557448 0.2914993 0 P 0
L 2.324252 0.2285039 2.355748 0.2285039 0 P 0
L 2.3277007 1.0885354 2.3277007 1.1554645 0 P 0
L 2.3287007 0.7435354 2.3287007 0.8104645 0 P 0
L 2.355748 0.2285039 2.355748 0.2914961 0 P 0
L 2.3587007 0.3865355 2.3587007 0.4534646 0 P 0
L 2.4362992 1.3465354 2.4362992 1.4134645 0 P 0
L 2.4362992 1.3465354 2.4737007 1.3465354 0 P 0
L 2.4362992 1.4134645 2.4737007 1.4134645 0 P 0
L 2.4737007 1.3465354 2.4737007 1.4134645 0 P 0
L 2.4852992 1.3475354 2.4852992 1.4144645 0 P 0
L 2.4852992 1.3475354 2.5227007 1.3475354 0 P 0
L 2.4852992 1.4144645 2.5227007 1.4144645 0 P 0
L 2.5227007 1.3475354 2.5227007 1.4144645 0 P 0
L 2.6062992 1.6665354 2.6062992 1.7334645 0 P 0
L 2.6062992 1.6665354 2.6437007 1.6665354 0 P 0
L 2.6062992 1.7334645 2.6437007 1.7334645 0 P 0
L 2.6072993 1.5475354 2.6072993 1.6144645 0 P 0
L 2.6072993 1.5475354 2.6447009 1.5475354 0 P 0
L 2.6072993 1.6144645 2.6447009 1.6144645 0 P 0
L 2.6437007 1.6665354 2.6437007 1.7334645 0 P 0
L 2.6447009 1.5475354 2.6447009 1.6144645 0 P 0
L 2.6822993 1.5465512 2.6822993 1.6154489 0 P 0
L 2.6822993 1.5465512 2.7197008 1.5465512 0 P 0
L 2.6822993 1.6154489 2.7197008 1.6154489 0 P 0
L 2.6842488 0.2285071 2.6842488 0.2914993 0 P 0
L 2.6842488 0.2914993 2.7157448 0.2914993 0 P 0
L 2.684252 0.2285039 2.715748 0.2285039 0 P 0
L 2.7012992 0.3865355 2.7012992 0.4534646 0 P 0
L 2.7012992 0.3865355 2.7387007 0.3865355 0 P 0
L 2.7012992 0.4534646 2.7387007 0.4534646 0 P 0
L 2.715748 0.2285039 2.715748 0.2914961 0 P 0
L 2.7197008 1.5465512 2.7197008 1.6154489 0 P 0
L 2.7387007 0.3865355 2.7387007 0.4534646 0 P 0
L 2.8245749 0.1596298 2.8245749 0.23837 0 P 0
L 2.8245749 0.1596298 2.88363 0.1005747 0 P 0
L 2.8245749 0.23837 2.88363 0.2974251 0 P 0
L 2.88363 0.1005747 2.9623702 0.1005747 0 P 0
L 2.88363 0.2974251 2.9623702 0.2974251 0 P 0
L 2.9055513 1.3362993 2.9055513 1.3737008 0 P 0
L 2.9055513 1.3362993 2.9744489 1.3362993 0 P 0
L 2.9055513 1.3737008 2.9744489 1.3737008 0 P 0
L 2.9623702 0.1005747 3.0214253 0.1596298 0 P 0
L 2.9623702 0.2974251 3.0214253 0.23837 0 P 0
L 2.9715355 1.3962992 2.9715355 1.4337007 0 P 0
L 2.9715355 1.3962992 3.0384646 1.3962992 0 P 0
L 2.9715355 1.4337007 3.0384646 1.4337007 0 P 0
L 2.9744489 1.3362993 2.9744489 1.3737008 0 P 0
L 3.0214253 0.1596298 3.0214253 0.23837 0 P 0
L 3.0384646 1.3962992 3.0384646 1.4337007 0 P 0
L 3.076693 1.3804568 3.076693 1.4375434 0 P 0
L 3.076693 1.3804568 3.1633072 1.3804568 0 P 0
L 3.076693 1.4375434 3.1633072 1.4375434 0 P 0
L 3.0855511 1.5042993 3.0855511 1.5417008 0 P 0
L 3.0855511 1.5042993 3.1544488 1.5042993 0 P 0
L 3.0855511 1.5417008 3.1544488 1.5417008 0 P 0
L 3.1544488 1.5042993 3.1544488 1.5417008 0 P 0
L 3.1633072 1.3804568 3.1633072 1.4375434 0 P 0
