#Layer_Color=16764230
#
#Feature symbol names
#
$0 r1.9685
$1 r3.937
$2 r7.874

#
#Feature attribute names
#

#
#Layer features
#
L 0.4199213 1.6048819 0.4199213 1.7151181 2 P 0
L 0.4199213 1.6048819 0.6600787 1.6048819 2 P 0
L 0.4199213 1.7151181 0.6600787 1.7151181 2 P 0
L 0.5009449 1.4104724 0.5009449 1.4695275 0 P 0
L 0.5009449 1.4104724 0.6190552 1.4104724 0 P 0
L 0.5009449 1.4695275 0.6190552 1.4695275 0 P 0
L 0.5412993 1.44 0.5787009 1.44 0 P 0
L 0.5600001 1.4212992 0.5600001 1.4587007 0 P 0
L 0.6190552 1.4104724 0.6190552 1.4695275 0 P 0
L 0.6600787 1.6048819 0.6600787 1.7151181 2 P 0
L 0.8009448 0.3104725 0.8009448 0.3695276 0 P 0
L 0.8009448 0.3104725 0.9190551 0.3104725 0 P 0
L 0.8009448 0.3695276 0.9190551 0.3695276 0 P 0
L 0.8360721 1.0236162 0.8360721 1.1141673 0 P 0
L 0.8360721 1.0236162 0.8793792 1.0236162 0 P 0
L 0.8360721 1.1141673 0.8793792 1.1141673 0 P 0
L 0.8390249 1.0688917 0.8764265 1.0688917 0 P 0
L 0.8412991 0.34 0.8787007 0.34 0 P 0
L 0.8577257 1.050191 0.8577257 1.0875925 0 P 0
L 0.8599999 0.3212993 0.8599999 0.3587008 0 P 0
L 0.8793792 1.0236162 0.8793792 1.1141673 0 P 0
L 0.9024803 1.7997245 0.9024803 1.8902757 0 P 0
L 0.9024803 1.7997245 1.0875197 1.7997245 0 P 0
L 0.9024803 1.8902757 1.0875197 1.8902757 0 P 0
L 0.9190551 0.3104725 0.9190551 0.3695276 0 P 0
L 0.975315 1.8450001 1.0146851 1.8450001 1 P 0
L 0.995 1.8253151 0.995 1.8646852 1 P 0
L 1.0875197 1.7997245 1.0875197 1.8902757 0 P 0
L 1.0969449 1.6664724 1.0969449 1.7255275 0 P 0
L 1.0969449 1.6664724 1.2150552 1.6664724 0 P 0
L 1.0969449 1.7255275 1.2150552 1.7255275 0 P 0
L 1.1372993 1.696 1.1747009 1.696 0 P 0
L 1.1560001 1.6772992 1.1560001 1.7147007 0 P 0
L 1.2150552 1.6664724 1.2150552 1.7255275 0 P 0
L 1.2304725 1.7809449 1.2304725 1.8990552 0 P 0
L 1.2304725 1.7809449 1.2895276 1.7809449 0 P 0
L 1.2304725 1.8990552 1.2895276 1.8990552 0 P 0
L 1.2412993 1.8400001 1.2787008 1.8400001 0 P 0
L 1.26 1.8212993 1.26 1.8587009 0 P 0
L 1.278198 0.1948366 1.278198 0.3129469 0 P 0
L 1.278198 0.1948366 1.3372531 0.1948366 0 P 0
L 1.278198 0.3129469 1.3372531 0.3129469 0 P 0
L 1.2890248 0.2538917 1.3264263 0.2538917 0 P 0
L 1.2895276 1.7809449 1.2895276 1.8990552 0 P 0
L 1.3077256 0.2351909 1.3077256 0.2725925 0 P 0
L 1.3304724 1.7809448 1.3304724 1.8990551 0 P 0
L 1.3304724 1.7809448 1.3895275 1.7809448 0 P 0
L 1.3304724 1.8990551 1.3895275 1.8990551 0 P 0
L 1.3304725 1.6409449 1.3304725 1.7590552 0 P 0
L 1.3304725 1.6409449 1.3895276 1.6409449 0 P 0
L 1.3304725 1.7590552 1.3895276 1.7590552 0 P 0
L 1.3372531 0.1948366 1.3372531 0.3129469 0 P 0
L 1.3412992 1.8399999 1.3787007 1.8399999 0 P 0
L 1.3412993 1.7000001 1.3787008 1.7000001 0 P 0
L 1.36 1.6812993 1.36 1.7187009 0 P 0
L 1.36 1.8212991 1.36 1.8587007 0 P 0
L 1.3895275 1.7809448 1.3895275 1.8990551 0 P 0
L 1.3895276 1.6409449 1.3895276 1.7590552 0 P 0
L 1.3904724 1.6409448 1.3904724 1.7590551 0 P 0
L 1.3904724 1.6409448 1.4495275 1.6409448 0 P 0
L 1.3904724 1.7590551 1.4495275 1.7590551 0 P 0
L 1.3904724 1.7809448 1.3904724 1.8990551 0 P 0
L 1.3904724 1.7809448 1.4495275 1.7809448 0 P 0
L 1.3904724 1.8990551 1.4495275 1.8990551 0 P 0
L 1.3947243 1.3674803 1.3947243 1.5525197 0 P 0
L 1.3947243 1.3674803 1.4852755 1.3674803 0 P 0
L 1.3947243 1.5525197 1.4852755 1.5525197 0 P 0
L 1.4012992 1.6999999 1.4387007 1.6999999 0 P 0
L 1.4012992 1.8399999 1.4387007 1.8399999 0 P 0
L 1.42 1.6812991 1.42 1.7187007 0 P 0
L 1.42 1.8212991 1.42 1.8587007 0 P 0
L 1.4203148 1.46 1.4596849 1.46 1 P 0
L 1.4399999 1.440315 1.4399999 1.4796851 1 P 0
L 1.4495275 1.6409448 1.4495275 1.7590551 0 P 0
L 1.4495275 1.7809448 1.4495275 1.8990551 0 P 0
L 1.4852755 1.3674803 1.4852755 1.5525197 0 P 0
L 1.4947243 1.3674803 1.4947243 1.5525197 0 P 0
L 1.4947243 1.3674803 1.5852755 1.3674803 0 P 0
L 1.4947243 1.5525197 1.5852755 1.5525197 0 P 0
L 1.50245 1.2272382 1.50245 1.2705453 0 P 0
L 1.50245 1.2272382 1.5930011 1.2272382 0 P 0
L 1.50245 1.2705453 1.5930011 1.2705453 0 P 0
L 1.5203148 1.46 1.5596849 1.46 1 P 0
L 1.5290248 1.2488917 1.5664263 1.2488917 0 P 0
L 1.5399999 1.440315 1.5399999 1.4796851 1 P 0
L 1.5477255 1.2301909 1.5477255 1.2675925 0 P 0
L 1.5852755 1.3674803 1.5852755 1.5525197 0 P 0
L 1.5930011 1.2272382 1.5930011 1.2705453 0 P 0
L 1.7459539 1.0825532 1.7459539 1.1652303 0 P 0
L 1.7459539 1.0825532 1.8994972 1.0825532 0 P 0
L 1.7459539 1.1652303 1.8994972 1.1652303 0 P 0
L 1.7509539 0.5925532 1.7509539 0.6752303 0 P 0
L 1.7509539 0.5925532 1.9044972 0.5925532 0 P 0
L 1.7509539 0.6752303 1.9044972 0.6752303 0 P 0
L 1.8040247 1.1238917 1.8414263 1.1238917 0 P 0
L 1.8090247 0.6338917 1.8464263 0.6338917 0 P 0
L 1.8227255 1.105191 1.8227255 1.1425925 0 P 0
L 1.8277255 0.615191 1.8277255 0.6525925 0 P 0
L 1.8732598 1.4908818 1.8732598 1.601118 0 P 0
L 1.8732598 1.4908818 2.0307401 1.4908818 0 P 0
L 1.8732598 1.601118 2.0307401 1.601118 0 P 0
L 1.8994972 1.0825532 1.8994972 1.1652303 0 P 0
L 1.9044972 0.5925532 1.9044972 0.6752303 0 P 0
L 1.932315 1.5459999 1.971685 1.5459999 1 P 0
L 1.952 1.5263149 1.952 1.5656849 1 P 0
L 2.0307401 1.4908818 2.0307401 1.601118 0 P 0
L 2.0536615 1.4482283 2.0536615 1.6017716 0 P 0
L 2.0536615 1.4482283 2.1363386 1.4482283 0 P 0
L 2.0536615 1.6017716 2.1363386 1.6017716 0 P 0
L 2.0762993 1.5249999 2.1137008 1.5249999 0 P 0
L 2.0950001 1.5062991 2.0950001 1.5437007 0 P 0
L 2.1363386 1.4482283 2.1363386 1.6017716 0 P 0
L 2.1507087 1.585315 2.1507087 1.624685 0 P 0
L 2.1507087 1.585315 2.2392913 1.585315 0 P 0
L 2.1507087 1.624685 2.2392913 1.624685 0 P 0
L 2.1548818 1.6662599 2.1548818 1.8237402 0 P 0
L 2.1548818 1.6662599 2.265118 1.6662599 0 P 0
L 2.1548818 1.8237402 2.265118 1.8237402 0 P 0
L 2.1851575 1.605 2.2048425 1.605 1 P 0
L 2.1903149 1.745 2.2296849 1.745 1 P 0
L 2.195 1.5951575 2.195 1.6148425 1 P 0
L 2.2099999 1.725315 2.2099999 1.764685 1 P 0
L 2.2392913 1.585315 2.2392913 1.624685 0 P 0
L 2.265118 1.6662599 2.265118 1.8237402 0 P 0
L 2.2794724 1.0629448 2.2794724 1.1810551 0 P 0
L 2.2794724 1.0629448 2.3385275 1.0629448 0 P 0
L 2.2794724 1.1810551 2.3385275 1.1810551 0 P 0
L 2.2804724 0.7179448 2.2804724 0.8360551 0 P 0
L 2.2804724 0.7179448 2.3395275 0.7179448 0 P 0
L 2.2804724 0.8360551 2.3395275 0.8360551 0 P 0
L 2.2902992 1.1219999 2.3277007 1.1219999 0 P 0
L 2.2912992 0.7769999 2.3287007 0.7769999 0 P 0
L 2.2986614 0.3432284 2.2986614 0.4967717 0 P 0
L 2.2986614 0.3432284 2.3813385 0.3432284 0 P 0
L 2.2986614 0.4967717 2.3813385 0.4967717 0 P 0
L 2.309 1.1032991 2.309 1.1407007 0 P 0
L 2.31 0.7582991 2.31 0.7957007 0 P 0
L 2.320315 0.2157087 2.320315 0.3042913 0 P 0
L 2.320315 0.2157087 2.359685 0.2157087 0 P 0
L 2.320315 0.3042913 2.359685 0.3042913 0 P 0
L 2.3212992 0.4200001 2.3587007 0.4200001 0 P 0
L 2.3301575 0.26 2.3498425 0.26 1 P 0
L 2.3385275 1.0629448 2.3385275 1.1810551 0 P 0
L 2.3395275 0.7179448 2.3395275 0.8360551 0 P 0
L 2.3399999 0.4012993 2.3399999 0.4387009 0 P 0
L 2.34 0.2501575 2.34 0.2698425 1 P 0
L 2.359685 0.2157087 2.359685 0.3042913 0 P 0
L 2.3664882 1.3028898 2.3664883 0.5391103 0 P 0
L 2.3664882 1.3028898 3.1538897 1.3028898 0 P 0
L 2.3664883 0.5391103 3.1538897 0.5391103 0 P 0
L 2.3813385 0.3432284 2.3813385 0.4967717 0 P 0
L 2.4254724 1.3209448 2.4254724 1.4390551 0 P 0
L 2.4254724 1.3209448 2.4845275 1.3209448 0 P 0
L 2.4254724 1.4390551 2.4845275 1.4390551 0 P 0
L 2.4362992 1.3799999 2.4737007 1.3799999 0 P 0
L 2.455 1.3612991 2.455 1.3987007 0 P 0
L 2.4744724 1.3219448 2.4744724 1.4400551 0 P 0
L 2.4744724 1.3219448 2.5335275 1.3219448 0 P 0
L 2.4744724 1.4400551 2.5335275 1.4400551 0 P 0
L 2.4845275 1.3209448 2.4845275 1.4390551 0 P 0
L 2.4852992 1.3809999 2.5227007 1.3809999 0 P 0
L 2.504 1.3622991 2.504 1.3997007 0 P 0
L 2.5335275 1.3219448 2.5335275 1.4400551 0 P 0
L 2.5954724 1.6409448 2.5954724 1.7590551 0 P 0
L 2.5954724 1.6409448 2.6545275 1.6409448 0 P 0
L 2.5954724 1.7590551 2.6545275 1.7590551 0 P 0
L 2.6043465 1.5357244 2.6043465 1.6262755 0 P 0
L 2.6043465 1.5357244 2.6476536 1.5357244 0 P 0
L 2.6043465 1.6262755 2.6476536 1.6262755 0 P 0
L 2.6062992 1.6999999 2.6437007 1.6999999 0 P 0
L 2.6072993 1.5809999 2.6447009 1.5809999 0 P 0
L 2.625 1.6812991 2.625 1.7187007 0 P 0
L 2.6260001 1.5622992 2.6260001 1.5997007 0 P 0
L 2.6476536 1.5357244 2.6476536 1.6262755 0 P 0
L 2.6545275 1.6409448 2.6545275 1.7590551 0 P 0
L 2.6714725 1.5219449 2.6714725 1.6400552 0 P 0
L 2.6714725 1.5219449 2.7305276 1.5219449 0 P 0
L 2.6714725 1.6400552 2.7305276 1.6400552 0 P 0
L 2.6786614 0.3432284 2.6786614 0.4967717 0 P 0
L 2.6786614 0.3432284 2.7613385 0.3432284 0 P 0
L 2.6786614 0.4967717 2.7613385 0.4967717 0 P 0
L 2.680315 0.2157087 2.680315 0.3042913 0 P 0
L 2.680315 0.2157087 2.719685 0.2157087 0 P 0
L 2.680315 0.3042913 2.719685 0.3042913 0 P 0
L 2.6822993 1.5810001 2.7197008 1.5810001 0 P 0
L 2.6901575 0.26 2.7098425 0.26 1 P 0
L 2.7 0.2501575 2.7 0.2698425 1 P 0
L 2.701 1.5622993 2.701 1.5997009 0 P 0
L 2.7012992 0.4200001 2.7387007 0.4200001 0 P 0
L 2.719685 0.2157087 2.719685 0.3042913 0 P 0
L 2.7199999 0.4012993 2.7199999 0.4387009 0 P 0
L 2.7305276 1.5219449 2.7305276 1.6400552 0 P 0
L 2.7613385 0.3432284 2.7613385 0.4967717 0 P 0
L 2.7615828 0.0966377 2.7615828 0.3013621 0 P 0
L 2.7615828 0.0966377 3.0844174 0.0966377 0 P 0
L 2.7615828 0.3013621 3.0844174 0.3013621 0 P 0
L 2.8632284 1.3136615 2.8632284 1.3963386 0 P 0
L 2.8632284 1.3136615 3.0167717 1.3136615 0 P 0
L 2.8632284 1.3963386 3.0167717 1.3963386 0 P 0
L 2.9033151 0.1989999 2.9426851 0.1989999 1 P 0
L 2.9212993 1.3550001 2.9587009 1.3550001 0 P 0
L 2.9230001 0.1793149 2.9230001 0.2186849 1 P 0
L 2.9400001 1.3362993 2.9400001 1.3737008 0 P 0
L 2.9459449 1.3854724 2.9459449 1.4445275 0 P 0
L 2.9459449 1.3854724 3.0640552 1.3854724 0 P 0
L 2.9459449 1.4445275 3.0640552 1.4445275 0 P 0
L 2.9862993 1.415 3.0237009 1.415 0 P 0
L 3.0050001 1.3962992 3.0050001 1.4337007 0 P 0
L 3.0167717 1.3136615 3.0167717 1.3963386 0 P 0
L 3.0511024 1.36963 3.0511024 1.4483702 0 P 0
L 3.0511024 1.36963 3.1888977 1.36963 0 P 0
L 3.0511024 1.4483702 3.1888977 1.4483702 0 P 0
L 3.0609448 1.4934725 3.0609448 1.5525276 0 P 0
L 3.0609448 1.4934725 3.1790551 1.4934725 0 P 0
L 3.0609448 1.5525276 3.1790551 1.5525276 0 P 0
L 3.0640552 1.3854724 3.0640552 1.4445275 0 P 0
L 3.0844174 0.0966377 3.0844174 0.3013621 0 P 0
L 3.100315 1.4090001 3.1396851 1.4090001 1 P 0
L 3.1012991 1.523 3.1387007 1.523 0 P 0
L 3.1199999 1.5042993 3.1199999 1.5417008 0 P 0
L 3.1200001 1.3893151 3.1200001 1.4286851 1 P 0
L 3.1538897 0.5391103 3.1538897 1.3028898 0 P 0
L 3.1790551 1.4934725 3.1790551 1.5525276 0 P 0
L 3.1888977 1.36963 3.1888977 1.4483702 0 P 0
